Run semi-empirical minimization
 &qmmm
    qm_theory='AM1', grms_tol=0.0005,
 scfconv=1.d-10, ndiis_attempts=700,   qmcharge=0,
 /
   8    O1        0.3230      -27.9780      -14.2500 
   6    C1       -0.0110      -27.9960      -13.0580 
   7    N1       -1.2130      -27.6780      -12.5750 
   1    H1       -1.3210      -27.6350      -11.5700 
   7    N6        0.7980      -28.3360      -12.0580 
   1   H22        0.4350      -28.2880      -11.1220 
   6    C2       -2.4480      -27.5790      -13.2530 
   6   C15        2.1370      -28.8910      -12.1700 
   1   H16        2.4120      -28.9400      -13.2260 
   6    C3       -2.7140      -27.6910      -14.5860 
   1    H2       -2.0820      -27.8570      -15.4480 
   6   C14        2.1410      -30.3160      -11.5790 
   1   H14        1.1390      -30.7330      -11.5000 
   1   HC1        2.5680      -30.3470      -10.5750 
   6   C16        3.1490      -28.0100      -11.4610 
   6   C99        2.9210      -31.2540      -12.5190 
   7    N2       -4.0810      -27.5550      -14.6780 
   1    H3       -4.6050      -27.5680      -15.5650 
   6   C17        2.8780      -27.5020      -10.1700 
   1   H17        1.9500      -27.7390       -9.6700 
   8   O21        3.6400      -32.1770      -11.7320 
   7    N3       -4.6910      -27.3610      -13.4810 
   6   C18        3.8290      -26.6990       -9.5170 
   1   H18        3.6490      -26.3280       -8.5210 
   6    C4       -3.6990      -27.3950      -12.5940 
   6   C19        5.0360      -26.3840      -10.1590 
   1   H19        5.7380      -25.7400       -9.6660 
   6    C5       -4.0010      -27.2650      -11.1580 
   6   C20        5.3330      -26.9180      -11.4250 
   7    N4       -5.2580      -27.1200      -10.7060 
   1    H4       -6.0800      -27.2020      -11.2980 
   7    N5       -3.0760      -27.3040      -10.1860 
   6   C21        4.3880      -27.7300      -12.0730 
   1   H21        4.6300      -28.1490      -13.0370 
   6    C6       -5.2220      -27.1080       -9.3320 
   6    C7       -6.2060      -27.0040       -8.3390 
   1    H5       -7.2360      -26.9120       -8.6440 
   6    C8       -5.8210      -27.0760       -6.9790 
   8    O2       -6.7150      -27.0050       -5.9330 
   6    C9       -4.4570      -27.2730       -6.6480 
   8    O3       -4.1610      -27.4020       -5.3080 
   6   C10       -3.4770      -27.3430       -7.6730 
   1    H6       -2.4300      -27.4530       -7.4430 
   6   C13       -8.0970      -26.8720       -6.2300 
   1   H10       -8.6670      -26.8530       -5.3020 
   1   H11       -8.3040      -25.9450       -6.7660 
   1   H12       -8.4580      -27.7150       -6.8180 
   6   C11       -3.8440      -27.2570       -9.0300 
   6   C12       -2.8960      -27.9360       -4.9450 
   1    H7       -2.8930      -28.1520       -3.8770 
   1    H8       -2.6870      -28.8690       -5.4700 
   1    H9       -2.0920      -27.2280       -5.1350 
   1    HC        6.2810      -26.7050      -11.8960 
   1   H54        3.6170      -30.6690      -13.1200 
   1   H55        2.2200      -31.7910      -13.1590 
   1   H56        4.1320      -32.7700      -12.3050 

